index;kmer;mouse_igm_data_ova_1bmpc_igm;generated_seqs_werr_CDR3_info;diff_count
0;CTT;18476;102543;84067
1;ATG;19906;67093;47187
2;ACA;4247;138270;134023
3;ACG;16563;22356;5793
4;ATC;4146;64370;60224
5;AAC;5337;94340;89003
6;ATA;4049;60929;56880
7;AGG;12908;98872;85964
8;CCT;9633;126022;116389
9;CTC;5676;123314;117638
10;AGC;6602;126185;119583
11;AAG;19375;159828;140453
12;AGA;21500;164844;143344
13;CAT;2446;75016;72570
14;AAT;3009;70520;67511
15;ATT;8536;96156;87620
16;CTG;32047;157939;125892
17;CTA;39451;54967;15516
18;ACT;56982;121494;64512
19;CAC;2492;80342;77850
20;AAA;3436;139971;136535
21;CCG;2973;16182;13209
22;AGT;8581;96391;87810
23;CCA;3427;113565;110138
24;CAA;17879;139131;121252
25;CCC;8555;67704;59149
26;TAT;15657;88418;72761
27;GGT;23337;66126;42789
28;TGT;27925;101124;73199
29;CGA;11193;18900;7707
30;CAG;4284;190722;186438
31;CGC;1808;18746;16938
32;GAT;15527;55926;40399
33;CGG;12380;18282;5902
34;TTT;14243;78853;64610
35;TGC;30108;86137;56029
36;GGG;25813;48119;22306
37;TAG;12566;19976;7410
38;GGA;15362;116272;100910
39;TAA;3677;46512;42835
40;GGC;7110;37886;30776
41;TAC;51847;91434;39587
42;TTC;6330;125744;119414
43;TCG;6714;25043;18329
44;TTA;18878;72881;54003
45;GAC;23055;99987;76932
46;CGT;3121;27402;24281
47;GAA;6165;138447;132282
48;TGG;19881;98279;78398
49;GCA;17360;105104;87744
50;GTA;21349;58475;37126
51;GCC;6665;70700;64035
52;GTC;6773;58898;52125
53;GCG;2274;20157;17883
54;GTG;24412;114123;89711
55;GAG;13358;116511;103153
56;GTT;10424;58191;47767
57;GCT;19327;75346;56019
58;ACC;4934;84388;79454
59;TGA;10057;109457;99400
60;TTG;12247;57473;45226
61;TCC;4438;101994;97556
62;TCA;2068;127883;125815
63;TCT;9727;116470;106743
